3827605;6554330,5837815
3827605;5756698,7013048,1921238
9948298,3064652;7013048,6554330
5756698,5837815,3064652,5307158;2382040
7103769;3064652
3518350;1921238
7013048,3518350,7103769,1921238,3064652,2382040;6554330,9948298,3827605
6554330;7013048,3827605
7013048,2382040;7103769,3064652,5307158
5756698,5307158;7013048,7103769
7013048,6554330,7103769,3064652,2382040;5756698,3518350,5837815
6554330,5837815;5756698,7013048,3518350,7103769,4632694,2382040
7013048,5307158,3827605;6554330,5837815,1921238,4632694,3064652
6554330,5837815,4632694,3064652,5307158;7103769
9948298,3827605;6554330,5837815
5756698,3518350,5837815,9948298,1921238,3064652,2382040;7013048,6554330,7103769,4632694,5307158,3827605
5756698,3518350,5307158,3827605;6554330,5837815,9948298,1921238,2382040
5756698,5837815;7013048,3518350,6554330,7103769,4632694,3064652,3827605
7103769,1921238;5837815
5756698,1921238,2382040;6554330,5837815,4632694
3827605;7013048,7103769
5837815,5307158;3064652
5307158;7013048
3064652;7013048,6554330,7103769,9948298,5307158,2382040
7103769,2382040;3518350,9948298,5307158
3518350;7013048,2382040
7103769;5756698,3064652
3518350,3827605;7013048
9948298;7013048,2382040
3518350;7103769
3827605;7013048
2382040;5756698,5837815
3827605;6554330
5756698,3518350,6554330,5837815,2382040;7013048,7103769,9948298,1921238,4632694,3064652,5307158,3827605
7013048,3518350,5837815,4632694,3064652;6554330,1921238,2382040
3518350,5837815,9948298,1921238,3064652,3827605,2382040;5756698,7013048,6554330,7103769,4632694,5307158
5756698;7013048,1921238
5837815,5307158,3827605;6554330
3518350,6554330,1921238,4632694,3064652,2382040;3827605
4632694,5307158;7013048
1921238;3064652
3518350,3827605;3064652
5756698,1921238;3518350,2382040
9948298;2382040
3518350,9948298;7013048
7013048,6554330,7103769,9948298;1921238,4632694
7103769,9948298,3064652,2382040;5837815,4632694,3827605
3518350,3064652;2382040
3827605;2382040
3518350;6554330,7103769,9948298
3518350;5756698,7013048,7103769,1921238,5307158,2382040
4632694,3064652;6554330
1921238,5307158,2382040;5837815,9948298,4632694,3827605
5756698;7103769,2382040
1921238,4632694;7103769,9948298,3064652
7103769,2382040;5837815
7103769,1921238,3827605;3518350
3064652,3827605;5307158,2382040
3827605;7013048,2382040
7103769,4632694;3518350,6554330,3064652,5307158
7103769;7013048,3518350,1921238,3064652,5307158
3518350;6554330
6554330;3064652
7013048,9948298,3827605;5756698
3518350;7013048
5307158,2382040;5756698,3518350,7103769,9948298
7103769;5756698,7013048,4632694,2382040
7103769;6554330,5837815,3064652
3827605;5307158
5307158;5756698,7013048,1921238
3518350;1921238
7013048,2382040;4632694
3827605;2382040
3518350;1921238
5837815,9948298;7013048
7103769,5837815,5307158;5756698,7013048,4632694
5837815,9948298,1921238,4632694,5307158,3827605,2382040;5756698,6554330
3518350,5837815,3064652,2382040;5756698,7013048,6554330,7103769,9948298,1921238,4632694,5307158,3827605
3518350,6554330,5837815,9948298,3064652;7013048
5837815,9948298,2382040;3827605
4632694,3064652,3827605;5756698,3518350,1921238,2382040
7013048,3518350,7103769,9948298,1921238,4632694,3064652,5307158,3827605,2382040;5756698,6554330,5837815
5756698;7013048,2382040
3518350;6554330,7103769,9948298,1921238
5756698,3518350,6554330,7103769,5837815,9948298,1921238,4632694,3064652,5307158,3827605;7013048,2382040
5307158;7013048
3827605;5756698,7013048,1921238,4632694,2382040
9948298;2382040
7013048,7103769,5837815,4632694;3518350,6554330,1921238,3064652,5307158,3827605,2382040
7103769,5837815,5307158,3827605;1921238
5837815;4632694
7013048,3518350,9948298,4632694,5307158,3827605,2382040;5756698,6554330,7103769,5837815,1921238,3064652
5307158;7013048
7013048,7103769,1921238,2382040;5756698
5756698,3518350,6554330,5837815,9948298,1921238,4632694,3064652,5307158;7013048,7103769,3827605,2382040
9948298,1921238;2382040
7013048,3518350,7103769,9948298,3827605;5756698,6554330,5837815,1921238,4632694,3064652,5307158,2382040
3064652;5307158
5756698,6554330,7103769;5837815
3064652,5307158;5837815,2382040